##FastQC	0.11.5
>>Basic Statistics	pass
#Measure	Value
Filename	Undetermined_S0_L001_I1_001.fastq.gz
File type	Conventional base calls
Encoding	Sanger / Illumina 1.9
Total Sequences	7937863
Sequences flagged as poor quality	0
Sequence length	8
%GC	45
>>END_MODULE
>>Per base sequence quality	pass
#Base	Mean	Median	Lower Quartile	Upper Quartile	10th Percentile	90th Percentile
1	26.133224773468626	34.0	12.0	34.0	12.0	34.0
2	25.952057877542103	34.0	11.0	34.0	11.0	34.0
3	26.02464504615411	34.0	11.0	34.0	11.0	34.0
4	26.07511719464042	34.0	11.0	34.0	11.0	34.0
5	27.149414017349507	33.0	23.0	34.0	12.0	34.0
6	28.406863912869245	34.0	21.0	38.0	11.0	38.0
7	28.56708751461193	37.0	12.0	38.0	12.0	38.0
8	28.71462331864382	37.0	12.0	38.0	12.0	38.0
>>END_MODULE
>>Per tile sequence quality	pass
#Tile	Base	Mean
1101	1	0.11595269061043467
1101	2	0.06776297383441943
1101	3	0.08973702772717829
1101	4	0.09600220426680295
1101	5	0.017211198344423195
1101	6	-0.035786205353712575
1101	7	0.13634560313370514
1101	8	0.2199247943039957
1102	1	0.6534842150625941
1102	2	0.6408033463141152
1102	3	0.5619641415590024
1102	4	0.4876756552531134
1102	5	-0.1949771666340574
1102	6	0.7671046063697098
1102	7	0.6009656491985567
1102	8	0.5377045619360459
1103	1	-0.18592377596209886
1103	2	-0.1392120080430601
1103	3	-0.15794375550868622
1103	4	-0.1406171988895899
1103	5	0.06579493897955757
1103	6	-0.16430767139690516
1103	7	-0.2696476727906152
1103	8	-0.19275318415053277
1104	1	0.05229730576125036
1104	2	0.06821887108233682
1104	3	0.05227238581018412
1104	4	0.054959217658407056
1104	5	-0.17666676643723633
1104	6	0.016145131331313678
1104	7	0.007047391454662488
1104	8	0.044510295566308145
1105	1	-0.02199578879976727
1105	2	0.017083239445568665
1105	3	0.07691251602053484
1105	4	-0.013688736305599747
1105	5	0.06429727775834593
1105	6	-0.2687321033468706
1105	7	-0.019792596794829365
1105	8	0.03872884610291294
1106	1	-0.09544796428671276
1106	2	-0.11076160882242547
1106	3	-0.1335178079926962
1106	4	-0.046396760278220484
1106	5	0.19941678455822398
1106	6	-0.31107509014310963
1106	7	-0.10099777404866828
1106	8	-0.09240904654195958
1107	1	0.16108832003390816
1107	2	0.0176499266108614
1107	3	0.07057841796546782
1107	4	0.10133288901905502
1107	5	0.18848992591048486
1107	6	0.10151367352206009
1107	7	-0.04939793094289158
1107	8	-0.06176448466506912
1108	1	0.4520536814485183
1108	2	0.3838503167279441
1108	3	0.3010679943209098
1108	4	0.2762073214886094
1108	5	-0.24644474201923572
1108	6	0.37020976127912775
1108	7	0.4648296726208727
1108	8	0.39382106292421426
1109	1	-0.2148037760398438
1109	2	-0.25030865636563604
1109	3	-0.2856507129667314
1109	4	-0.20568489931692824
1109	5	0.06242027101735559
1109	6	-0.3149222001615044
1109	7	-0.3597731074654149
1109	8	-0.38661675296389575
1110	1	0.42145544205632035
1110	2	0.30565961577429235
1110	3	0.2991915622562331
1110	4	0.2523653299210551
1110	5	-0.25711193415151357
1110	6	0.44801426028319113
1110	7	0.2603943364704904
1110	8	0.20417082163972466
1111	1	0.063939541822986
1111	2	0.05368365534094721
1111	3	0.033910650633306005
1111	4	0.15481788196582258
1111	5	0.06521355907920423
1111	6	0.0708303722288477
1111	7	0.0413849386715377
1111	8	0.059699977046928865
1112	1	0.3987831304182343
1112	2	0.4580853862221481
1112	3	0.3144784639661218
1112	4	0.32255803408913764
1112	5	-0.3861889144597406
1112	6	0.4400160529047845
1112	7	0.39520645879542116
1112	8	0.30250219235843545
1113	1	0.27110854474131685
1113	2	0.34856532696396414
1113	3	0.36155261025545826
1113	4	0.2650828786384203
1113	5	0.06927325972403153
1113	6	0.1723828788908186
1113	7	0.42670287603867507
1113	8	0.4414632238919829
1114	1	-0.2589639873148535
1114	2	-0.30864545452001835
1114	3	-0.319494216607044
1114	4	-0.3094686829051341
1114	5	-0.2761362402855738
1114	6	-0.41978250775801484
1114	7	-0.32463591660769353
1114	8	-0.3319895106465154
1115	1	-0.08835593752826654
1115	2	0.0710918196132937
1115	3	0.028941254949817363
1115	4	-0.042153981692759857
1115	5	0.0760460103807219
1115	6	-0.1570400380596091
1115	7	0.024115441257823278
1115	8	0.0017688443593044667
1116	1	-0.10625362357821899
1116	2	-0.13559231191404564
1116	3	-0.06892571378484647
1116	4	0.003614948985081412
1116	5	0.3187462071712943
1116	6	0.052281572794314
1116	7	-0.17670640989828712
1116	8	-0.13384703578321222
1117	1	-0.16482258499837243
1117	2	-0.13307262754578986
1117	3	-0.11677838311247868
1117	4	-0.07314648916370459
1117	5	-0.23976415976315124
1117	6	-0.03748736385108842
1117	7	-0.11491108255367521
1117	8	-0.12787324072339956
1118	1	-0.010464769740220703
1118	2	0.006584613595975952
1118	3	-0.03054184611854538
1118	4	-0.06165461566672903
1118	5	-0.04050350639749922
1118	6	-0.028067023402194025
1118	7	-0.00785589556470967
1118	8	0.006920866902742517
1119	1	-0.17776854754747617
1119	2	-0.1936944217793588
1119	3	-0.15616665801398
1119	4	-0.1595686607621971
1119	5	-0.2291340540781519
1119	6	0.10323108363894917
1119	7	-0.04703993414965524
1119	8	-0.09153130805150411
2101	1	-0.27604432422350555
2101	2	-0.11456337602882272
2101	3	-0.07046480832154955
2101	4	-0.18287507033555173
2101	5	-0.14567273556600568
2101	6	-0.08244704962902816
2101	7	-0.28271464139083236
2101	8	-0.2096469097751985
2102	1	-0.013035812780515244
2102	2	-0.0030350480358620757
2102	3	0.04536026063684773
2102	4	-0.04835304812297636
2102	5	0.09614650162595595
2102	6	0.044508097858368956
2102	7	0.11596464323911349
2102	8	0.05102545374800016
2103	1	-0.07724378094335194
2103	2	-0.025694967893745257
2103	3	-0.026867981749756353
2103	4	0.03721761065199303
2103	5	0.30774321820717887
2103	6	0.035030986100881734
2103	7	-0.006794176301706756
2103	8	0.03379303949309431
2104	1	-0.09904452897367477
2104	2	-0.12159203436096178
2104	3	-0.06736644155531124
2104	4	-0.1852655203346707
2104	5	-0.6045191919470341
2104	6	-0.2862751478918035
2104	7	-0.1284176718245753
2104	8	-0.08842832643222209
2105	1	-0.1453848244123428
2105	2	-0.0705430611123532
2105	3	-0.01774444711214329
2105	4	-0.01680562810288677
2105	5	0.002850402920472561
2105	6	0.08574926395178295
2105	7	-0.13372952877847766
2105	8	-0.12054397339246137
2106	1	-0.01859235931789982
2106	2	-0.0044058532844637455
2106	3	-0.036018432163288594
2106	4	0.03611044782857675
2106	5	0.2945994059257977
2106	6	0.09780986913170153
2106	7	0.10097515878911167
2106	8	0.024233719484755056
2107	1	-0.3675315931052552
2107	2	-0.03773366930483846
2107	3	-0.30553549664529456
2107	4	-0.3600178614661509
2107	5	-0.02781049276968872
2107	6	-0.31705602689839907
2107	7	-0.2908746587402362
2107	8	-0.2900100275990667
2108	1	0.004005564714379517
2108	2	-0.04690942823137334
2108	3	-0.006497974930699257
2108	4	-0.04522007985692156
2108	5	-0.09591593861461334
2108	6	-0.04757934904525385
2108	7	0.025199478730289826
2108	8	-0.029715233860223123
2109	1	0.3668822693944911
2109	2	0.3422133257221631
2109	3	0.30023934113378914
2109	4	0.349524326412503
2109	5	0.25276692744736096
2109	6	0.278788337898515
2109	7	0.3190963530606723
2109	8	0.2936854157048465
2110	1	-0.21735922656667128
2110	2	-0.20573623866266288
2110	3	-0.16936443327226058
2110	4	-0.1407751138440787
2110	5	0.13028961112519966
2110	6	-0.07846992169958611
2110	7	-0.25232462143989665
2110	8	-0.18930282375566776
2111	1	0.2549129589748702
2111	2	0.07745173131388228
2111	3	0.14542758036117576
2111	4	0.1525777761657352
2111	5	-0.11818730186570292
2111	6	0.277141956252688
2111	7	0.12279750371475728
2111	8	0.12798313269159678
2112	1	-0.18730104793306168
2112	2	-0.28292468857674535
2112	3	-0.23171893936706311
2112	4	-0.2342295607091316
2112	5	-0.07410697898368213
2112	6	-0.3841999452835232
2112	7	-0.2641420848260445
2112	8	-0.23608293940440106
2113	1	-2.7649712408717164E-4
2113	2	-0.054982179297287104
2113	3	-0.02794271597004183
2113	4	0.08067497343485996
2113	5	0.39272987114811997
2113	6	0.12393578373280789
2113	7	0.040726921026898566
2113	8	0.03506715258897941
2114	1	-0.12385793374835785
2114	2	-0.19571459868784657
2114	3	-0.18273852119687106
2114	4	-0.2311609773325607
2114	5	-0.014158806848158179
2114	6	-0.23980041431349264
2114	7	-0.2305168939822515
2114	8	-0.2415118910116263
2115	1	-0.14260801231251818
2115	2	-0.1596544095978203
2115	3	-0.17360011229433425
2115	4	-0.1402146268937443
2115	5	-0.07571071533589091
2115	6	-0.2212803750470549
2115	7	-0.12563427625664403
2115	8	-0.0943108588793784
2116	1	-0.213098986321949
2116	2	-0.14338457264366866
2116	3	-0.1199101057069889
2116	4	-0.005655129410385484
2116	5	0.2579570123532875
2116	6	-0.11057008297232329
2116	7	-0.04502033287370821
2116	8	-0.03753051767775517
2117	1	0.34245008101722263
2117	2	0.23406840218427405
2117	3	0.2327659291552493
2117	4	0.2024114755157882
2117	5	0.030463733656933556
2117	6	0.41346190399684346
2117	7	0.28408154104584327
2117	8	0.26152952451313993
2118	1	-0.060610937647460617
2118	2	-0.027660037800867343
2118	3	0.020970266368447454
2118	4	-0.017996870279695543
2118	5	0.11991257056888571
2118	6	-0.042982690645686716
2118	7	0.10050284024230649
2118	8	0.12685366958358557
2119	1	-0.29162312484983843
2119	2	-0.3269512982362812
2119	3	-0.23058089872909093
2119	4	-0.21218345962514462
2119	5	0.1906409582541322
2119	6	-0.3502943852678442
2119	7	-0.2354096002598034
2119	8	-0.2495185295263198
>>END_MODULE
>>Per sequence quality scores	pass
#Quality	Count
2	9.0
3	3.0
4	38.0
5	231.0
6	231.0
7	150.0
8	283.0
9	198.0
10	3050.0
11	121514.0
12	312132.0
13	257024.0
14	592939.0
15	515107.0
16	394898.0
17	309257.0
18	199626.0
19	125553.0
20	78940.0
21	52409.0
22	43511.0
23	31826.0
24	216574.0
25	39241.0
26	60047.0
27	27878.0
28	33085.0
29	38355.0
30	62221.0
31	140325.0
32	147790.0
33	198923.0
34	464425.0
35	3470070.0
>>END_MODULE
>>Per base sequence content	fail
#Base	G	A	T	C
1	23.051297983764822	32.01553832910919	16.028378482083124	28.90478520504286
2	24.366469867792798	35.60216649320841	21.974548141030763	18.05681549796803
3	21.997618103621942	34.96513267046918	23.61938893384499	19.417860292063885
4	21.631206433491947	35.24625730212199	22.744850533425264	20.377685730960795
5	28.06840971472091	36.038519816890854	7.398092510121024	28.494977958267214
6	21.40332796093867	32.80587331406933	24.56164826026032	21.22915046473167
7	29.164882820696857	38.68458977634132	18.022668969650148	14.127858433311676
8	25.617768441938082	45.165653183637275	13.822978465565017	15.39359990885962
>>END_MODULE
>>Per sequence GC content	fail
#GC Content	Count
0	158214.0
1	158214.0
2	158214.0
3	158214.0
4	158214.0
5	158214.0
6	351406.0
7	544598.0
8	544598.0
9	544598.0
10	544598.0
11	544598.0
12	544598.0
13	544598.0
14	544598.0
15	544598.0
16	544598.0
17	544598.0
18	544598.0
19	698352.5
20	852107.0
21	852107.0
22	852107.0
23	852107.0
24	852107.0
25	852107.0
26	852107.0
27	852107.0
28	852107.0
29	852107.0
30	852107.0
31	872304.5
32	892502.0
33	892502.0
34	892502.0
35	892502.0
36	892502.0
37	892502.0
38	892502.0
39	892502.0
40	892502.0
41	892502.0
42	892502.0
43	892502.0
44	2463323.5
45	4034145.0
46	4034145.0
47	4034145.0
48	4034145.0
49	4034145.0
50	4034145.0
51	4034145.0
52	4034145.0
53	4034145.0
54	4034145.0
55	4034145.0
56	2588072.5
57	1142000.0
58	1142000.0
59	1142000.0
60	1142000.0
61	1142000.0
62	1142000.0
63	1142000.0
64	1142000.0
65	1142000.0
66	1142000.0
67	1142000.0
68	1142000.0
69	723535.0
70	305070.0
71	305070.0
72	305070.0
73	305070.0
74	305070.0
75	305070.0
76	305070.0
77	305070.0
78	305070.0
79	305070.0
80	305070.0
81	155951.5
82	6833.0
83	6833.0
84	6833.0
85	6833.0
86	6833.0
87	6833.0
88	6833.0
89	6833.0
90	6833.0
91	6833.0
92	6833.0
93	6833.0
94	4613.5
95	2394.0
96	2394.0
97	2394.0
98	2394.0
99	2394.0
100	2394.0
>>END_MODULE
>>Per base N content	pass
#Base	N-Count
1	0.026858614213926345
2	0.04027532347182107
3	0.006172946043538419
4	0.03794472139415861
5	0.03958244177305655
6	0.035954261241344175
7	0.040665856792942885
8	0.03591646769413884
>>END_MODULE
>>Sequence Length Distribution	pass
#Length	Count
8	7937863.0
>>END_MODULE
>>Sequence Duplication Levels	fail
#Total Deduplicated Percentage	0.775624371446068
#Duplication Level	Percentage of deduplicated	Percentage of total
1	13.10420997920998	0.10163944628422032
2	8.614864864864865	0.13363798291807252
3	6.776247401247401	0.15767467894066703
4	5.533718814968815	0.1716834871047787
5	4.552689708939709	0.17655885469426721
6	3.844529625779626	0.17891465247006658
7	3.269555613305614	0.17751629122346907
8	2.839137214137214	0.1761683213731454
9	2.7108238045738045	0.18923229085712365
>10	31.805483367983367	5.57986450509413
>50	7.633835758835759	4.203083373950898
>100	7.72804054054054	12.450315658005183
>500	0.9225571725571726	4.916953089263446
>1k	0.5749740124740125	8.171456221907585
>5k	0.04872661122661123	2.5070853452623205
>10k+	0.040605509355509356	60.708215800650635
>>END_MODULE
>>Overrepresented sequences	fail
#Sequence	Count	Percentage	Possible Source
CTCTCTAC	737908	9.296053610398667	No Hit
CGTACTAG	493449	6.216396024975488	No Hit
TAAGGCGA	449266	5.659785259584349	No Hit
ACTCGCTA	352114	4.435879026886708	No Hit
AAGAGGCA	351689	4.430524941032618	No Hit
GCTCATGA	326641	4.114974017566189	No Hit
CAGAGAGG	315770	3.978022800343115	No Hit
GGACTCCT	284129	3.5794142579684234	No Hit
ATCTCAGG	262108	3.301997023632179	No Hit
CGAGGCTG	260719	3.2844986112761076	No Hit
AGGCAGAA	217828	2.7441642668814015	No Hit
TCCTGAGC	178043	2.242958841693287	No Hit
TAGGCATG	174380	2.19681292055557	No Hit
GTAGAGGA	154535	1.9468086057922642	No Hit
GCTACGCT	96484	1.21549086951992	No Hit
AAAAAAAA	31222	0.3933300436150132	No Hit
GCTCCTGA	23497	0.2960116595612698	No Hit
AGGCCGAA	16568	0.2087211633660092	No Hit
GAAAAAAA	15846	0.19962551633859138	No Hit
CTCTATAC	15049	0.18958503063104012	No Hit
AAAAAGAA	14871	0.18734261349685677	No Hit
AAGAAAAA	12380	0.15596137146735842	No Hit
GTAGCGGA	11999	0.15116159097228057	No Hit
GAAAAGAA	11310	0.14248167296412145	No Hit
TAAGGAGA	11130	0.1402140601318012	No Hit
AAGAAGAA	9336	0.11761351890300954	No Hit
AAGAAGCA	8801	0.11087366965139107	No Hit
CGTAATAG	8713	0.10976505893336784	No Hit
AAAGAAAA	8551	0.10772420738427962	No Hit
AAAACAAA	8156	0.10274805700224356	No Hit
AGAAAAAA	8129	0.10240791507739552	No Hit
>>END_MODULE
>>Adapter Content	warn
>>END_MODULE
>>Kmer Content	pass
>>END_MODULE
