##FastQC	0.10.1
>>Basic Statistics	pass
#Measure	Value	
Filename	Undetermined_S0_L001_I2_001.fastq.gz	
File type	Conventional base calls	
Encoding	Sanger / Illumina 1.9	
Total Sequences	197390	
Filtered Sequences	0	
Sequence length	12	
%GC	51	
>>END_MODULE
>>Per base sequence quality	pass
#Base	Mean	Median	Lower Quartile	Upper Quartile	10th Percentile	90th Percentile
1	33.00958001925123	34.0	33.0	34.0	32.0	34.0
2	33.32225036729318	34.0	33.0	34.0	32.0	34.0
3	33.33113632909468	34.0	33.0	34.0	32.0	34.0
4	33.4946349865748	34.0	33.0	34.0	33.0	34.0
5	33.477420335376664	34.0	33.0	34.0	33.0	34.0
6	36.10012158670652	37.0	37.0	37.0	37.0	37.0
7	36.06691321748822	37.0	37.0	37.0	34.0	37.0
8	35.07236435483054	37.0	34.0	37.0	33.0	37.0
9	35.47919854095952	37.0	34.0	37.0	33.0	37.0
10	34.90982319266427	37.0	34.0	37.0	33.0	37.0
11	35.55125386291099	37.0	34.0	37.0	33.0	37.0
12	35.50878463954608	37.0	34.0	37.0	33.0	37.0
>>END_MODULE
>>Per sequence quality scores	pass
#Quality	Count
15	17.0
16	105.0
17	67.0
18	66.0
19	64.0
20	82.0
21	109.0
22	183.0
23	216.0
24	339.0
25	514.0
26	728.0
27	1260.0
28	1606.0
29	1740.0
30	2693.0
31	3113.0
32	5426.0
33	23094.0
34	41477.0
35	109812.0
36	4679.0
>>END_MODULE
>>Per base sequence content	fail
#Base	G	A	T	C
1	0.007092557880338416	99.12761538071837	0.016718172146511983	0.8485738892547748
2	0.008105780434672475	0.204164344698313	0.016718172146511983	99.7710117027205
3	0.008105780434672475	99.02933279294797	0.010132225543340595	0.9524292010740159
4	0.006079335326004357	0.2117635138558184	0.011652059374841683	99.77050509144334
5	0.5643649627640712	3.2266072242768127	95.7130553726126	0.4959724403465221
6	0.43416586453214445	11.04716550990425	1.497036324028573	87.02163230153504
7	12.330411874968336	2.89275039262374	54.52859820659608	30.248239525811844
8	30.81716399007042	12.964182582704293	54.324940473174934	1.8937129540503572
9	0.6722731648006485	30.95901514767719	55.84021480318152	12.528496884340646
10	0.03191651046152288	12.539135721161154	0.7204012361315163	86.7085465322458
11	0.3698262323319317	31.180910887076347	1.9154972389685394	66.53376564162318
12	0.3439890571964132	0.5770302446932469	14.07771416991742	85.00126652819291
>>END_MODULE
>>Per base GC content	fail
#Base	%GC
1	0.8556664471351132
2	99.77911748315518
3	0.9605349815086884
4	99.77658442676935
5	1.0603374031105932
6	87.45579816606718
7	42.57865140078018
8	32.71087694412078
9	13.200770049141294
10	86.74046304270733
11	66.90359187395512
12	85.34525558538934
>>END_MODULE
>>Per sequence GC content	fail
#GC Content	Count
0	20.0
1	20.0
2	20.0
3	20.0
4	43.5
5	67.0
6	67.0
7	67.0
8	67.0
9	67.0
10	67.0
11	67.0
12	67.0
13	79.5
14	92.0
15	92.0
16	92.0
17	92.0
18	92.0
19	92.0
20	92.0
21	119.0
22	146.0
23	146.0
24	146.0
25	146.0
26	146.0
27	146.0
28	146.0
29	1041.5
30	1937.0
31	1937.0
32	1937.0
33	1937.0
34	1937.0
35	1937.0
36	1937.0
37	1937.0
38	13501.0
39	25065.0
40	25065.0
41	25065.0
42	25065.0
43	25065.0
44	25065.0
45	25065.0
46	66802.0
47	108539.0
48	108539.0
49	108539.0
50	108539.0
51	108539.0
52	108539.0
53	108539.0
54	84009.0
55	59479.0
56	59479.0
57	59479.0
58	59479.0
59	59479.0
60	59479.0
61	59479.0
62	59479.0
63	30449.5
64	1420.0
65	1420.0
66	1420.0
67	1420.0
68	1420.0
69	1420.0
70	1420.0
71	906.0
72	392.0
73	392.0
74	392.0
75	392.0
76	392.0
77	392.0
78	392.0
79	297.0
80	202.0
81	202.0
82	202.0
83	202.0
84	202.0
85	202.0
86	202.0
87	202.0
88	104.5
89	7.0
90	7.0
91	7.0
92	7.0
93	7.0
94	7.0
95	7.0
96	15.5
97	24.0
98	24.0
99	24.0
100	24.0
>>END_MODULE
>>Per base N content	pass
#Base	N-Count
1	0.0
2	0.0
3	0.0
4	0.0
5	0.0
6	0.0
7	0.0
8	0.0
9	0.0
10	0.0
11	0.0
12	0.0
>>END_MODULE
>>Sequence Length Distribution	pass
#Length	Count
12	197390.0
>>END_MODULE
>>Sequence Duplication Levels	fail
#Total Duplicate Percentage	99.68732104577681
#Duplication Level	Relative count
1	100.0
2	19.773095623987032
3	7.941653160453809
4	7.13128038897893
5	4.538087520259319
6	2.9173419773095626
7	1.9448946515397083
8	1.4586709886547813
9	0.9724473257698542
10++	28.038897893030793
>>END_MODULE
>>Overrepresented sequences	fail
#Sequence	Count	Percentage	Possible Source
ACACTCTTTCCC	104294	52.836516540858206	Illumina Single End PCR Primer 1 (100% over 12bp)
ACACTCCGACAC	56848	28.799837884391305	No Hit
ACACTAGACACT	19673	9.966563655706977	No Hit
ACACACACTCTT	2713	1.3744363949541518	No Hit
ACACATAACACT	1269	0.6428897107249607	No Hit
ACACTCGACACT	927	0.46962865393383657	No Hit
CCCCTCTTTCCC	807	0.408835300673793	No Hit
ACACTCCGAAAC	486	0.24621308070317646	No Hit
ACACTCGACCCT	352	0.17832716956279446	No Hit
ACACGCCTACAC	350	0.1773139470084604	No Hit
ACACTAGACCCT	343	0.1737676680682912	No Hit
ACACAAGAACAC	330	0.1671817214651198	No Hit
ACACCTTAACAC	325	0.16464866507928466	No Hit
ACACGCGAACAC	314	0.15907594103044734	No Hit
CCCCTCCGACAC	216	0.10942803586807842	No Hit
>>END_MODULE
>>Kmer Content	fail
#Sequence	Count	Obs/Exp Overall	Obs/Exp Max	Max Obs/Exp Position
GGAGG	150	174.30635	1347.9691	8
AGGAG	760	133.48006	653.3498	5
GACAC	79250	89.9501	529.0088	8
TCCGA	58330	72.32097	578.31976	5
CGACA	58855	66.80142	524.78644	7
GGAGA	315	55.32397	344.23804	5
GGTTG	235	49.25047	394.00375	7
GGAGC	520	48.576374	347.5079	6
TCTTT	105720	48.551296	387.5837	5
ACTAG	20350	47.43705	379.4964	3
CTAGA	20320	47.36712	378.28427	4
TAGAC	20275	47.262226	377.35187	5
AGACA	20415	43.564507	340.5778	6
ACACT	212325	39.78819	280.13733	1
CTCCG	58435	38.53578	308.20712	4
CCGAC	57935	34.97537	279.19925	6
CTCTT	108480	24.2573	189.0674	4
CTTTC	105820	23.662493	188.67383	6
TTTCC	105800	23.65802	188.77222	7
TTAGG	740	23.439861	187.51889	5
CGGAG	250	23.354025	186.8322	4
ACTCT	107970	22.101717	172.33484	3
TAGGA	750	21.747772	170.50253	6
GAGCG	210	19.617382	149.46576	7
GGGGA	15	17.430635	46.481693	4
CACTC	168175	16.762293	131.76202	2
CGGTT	935	15.752661	125.347374	6
ACGGT	940	14.497739	115.36498	5
GTTGG	65	13.622468	108.979744	8
GGTGG	10	12.693804	50.775215	2
AGGGG	10	11.620423	46.481693	3
GAGGG	10	11.620423	46.481693	2
TTCCC	105750	11.513893	91.81064	8
GGAAG	65	11.416058	91.32846	8
GGATG	55	10.552013	76.74191	8
GGTTT	295	10.207402	80.27516	7
CACGG	1205	9.049166	56.172413	4
GGAGT	40	7.6741915	46.04515	8
ACAGG	510	7.200668	57.040585	3
GAGAG	40	7.025266	35.12633	5
AGCGG	75	7.0062075	52.313015	8
GGTTA	220	6.9686084	54.481846	7
CAGGA	475	6.7065043	52.52252	4
GTGGG	5	6.346901	50.775208	6
TGGGG	5	6.346901	50.775208	7
ACTCC	58495	5.8302975	46.634407	3
GGGAG	5	5.8102117	46.481693	5
GGACG	60	5.604966	41.103085	8
AGGAA	175	4.6453853	33.977676	7
GGGAA	25	4.3907914	21.0758	5
GAGAC	280	3.9533079	27.673155	6
AGGAT	135	3.914599	31.316792	7
CACTA	20835	3.9043303	31.234642	2
GCGAA	275	3.8827133	31.061707	5
ACGGA	250	3.5297391	28.237913	3
GGTTC	195	3.285314	26.282513	7
GGCGG	5	3.090373	24.722984	8
GCGGG	5	3.090373	24.722984	8
CGGGG	5	3.090373	24.722984	4
GGGGC	5	3.0903723	24.722979	6
AGAGA	110	2.9199562	12.741628	4
GTTTG	80	2.7681086	22.144869	8
GTTGA	80	2.5340393	20.272314	8
AGGAC	175	2.4708173	18.637022	7
AAGAG	85	2.25633	12.741629	3
ACACG	1985	2.2530086	9.397941	1
ACGCG	295	2.2153559	17.722847	3
TGGTG	10	2.0957644	8.383058	1
CGCGA	275	2.0651622	16.521297	4
GGAAA	75	1.9908794	7.432616	8
CTTAG	745	1.8970528	15.176422	4
ACGGG	20	1.868322	14.946576	3
ACTCG	1450	1.7977952	14.382361	3
AAGGG	10	1.7563168	7.025267	4
AGAGG	10	1.7563165	7.025266	7
TCGAC	1355	1.6800088	13.142504	5
CTCGA	1340	1.6614108	13.241693	4
AAGAA	405	1.6248735	9.949843	5
GGATT	50	1.5837744	12.670196	8
GTTGT	45	1.5570613	12.4564905	8
GAGCA	110	1.5530852	12.424682	7
ACACA	8570	1.4701581	8.172502	1
GAGAA	55	1.4599782	6.370814	7
CGGGA	15	1.4012415	11.209932	4
GAGCT	85	1.3109657	10.487725	7
GGAAT	45	1.3048663	6.959287	8
GAACA	605	1.2910373	10.072226	7
GAAAC	525	1.1203218	8.791859	8
CGAAA	495	1.0563034	8.450427	7
GTGGT	5	1.0478822	8.383058	3
GTGTG	5	1.0478822	8.383058	6
GGGTT	5	1.0478822	8.383058	6
TGGAG	5	0.95927393	7.6741915	5
AGGGT	5	0.95927393	7.6741915	5
GAAGG	5	0.8781583	7.025266	8
AGGGA	5	0.8781583	7.025266	6
AGCGA	60	0.8471374	6.777099	8
GTTAG	25	0.79188716	6.3350973	8
GTTGC	45	0.7581493	6.0651946	8
GTTCG	40	0.6739105	5.391284	8
>>END_MODULE
