##FastQC	0.11.5
>>Basic Statistics	pass
#Measure	Value
Filename	Undetermined_S0_L001_I2_001.fastq.gz
File type	Conventional base calls
Encoding	Sanger / Illumina 1.9
Total Sequences	7937863
Sequences flagged as poor quality	0
Sequence length	8
%GC	48
>>END_MODULE
>>Per base sequence quality	pass
#Base	Mean	Median	Lower Quartile	Upper Quartile	10th Percentile	90th Percentile
1	33.02778354829253	34.0	34.0	34.0	32.0	34.0
2	33.490489316835024	34.0	34.0	34.0	34.0	34.0
3	33.6735460161003	34.0	34.0	34.0	34.0	34.0
4	33.6144308613036	34.0	34.0	34.0	34.0	34.0
5	33.30668871458225	34.0	34.0	34.0	34.0	34.0
6	36.792524259992895	38.0	38.0	38.0	36.0	38.0
7	37.31304747889955	38.0	38.0	38.0	37.0	38.0
8	37.2492605377543	38.0	38.0	38.0	37.0	38.0
>>END_MODULE
>>Per tile sequence quality	pass
#Tile	Base	Mean
1101	1	0.055373744226805854
1101	2	0.01317598823226973
1101	3	-0.014996778487073925
1101	4	0.03897590083967373
1101	5	0.2409307326414165
1101	6	0.006029992646219284
1101	7	0.06246106068780222
1101	8	0.09161944756895224
1102	1	-0.10306917629434764
1102	2	-0.011579270123071694
1102	3	-0.022919593572183317
1102	4	0.03462039546700879
1102	5	-0.021874891650703887
1102	6	0.030961613987216197
1102	7	0.0038625906191640524
1102	8	0.02856430924110498
1103	1	0.03356043089481631
1103	2	-0.018835884343410214
1103	3	-0.04821839912982995
1103	4	1.291085865631203E-4
1103	5	0.04007534381743483
1103	6	0.08664345495774484
1103	7	0.029579096339581668
1103	8	-0.006076853916901825
1104	1	0.0218601054726264
1104	2	-0.025348710985973355
1104	3	-0.0690074556235416
1104	4	-0.016708409730398444
1104	5	-0.16083684423574596
1104	6	-0.033307328089399846
1104	7	-0.06188941496863265
1104	8	-0.09530100763269189
1105	1	-0.32138617452211093
1105	2	-0.02056155140881799
1105	3	-0.04726731059456313
1105	4	-0.01845314607556503
1105	5	-0.11510927234955659
1105	6	0.06122411849275977
1105	7	-0.028152813379648478
1105	8	-0.026913551142044412
1106	1	-0.016621154386470494
1106	2	-0.028485474047002413
1106	3	-0.013295729122965838
1106	4	-0.03987556303984263
1106	5	0.02077149759694663
1106	6	-0.06664251341347693
1106	7	0.017039944654314354
1106	8	-0.04107958407347212
1107	1	0.040184274012496246
1107	2	-0.004703471048578933
1107	3	-0.01701592171087185
1107	4	0.03058884886736024
1107	5	-0.04013015818902943
1107	6	0.004257006648963113
1107	7	-0.024832074617570754
1107	8	-0.04414256116491089
1108	1	-0.1376272040551143
1108	2	-0.007875097653695207
1108	3	0.016959811119541257
1108	4	0.08857887099646433
1108	5	-0.0023614202997563893
1108	6	-0.13928982913809307
1108	7	-0.0833444412744484
1108	8	-0.11481098279758584
1109	1	-0.11644591009834215
1109	2	-0.08400881946710825
1109	3	-0.02131668426214617
1109	4	-0.06804992076791905
1109	5	-0.13749855370195263
1109	6	-0.3549256760335311
1109	7	-0.11884845322556714
1109	8	-0.14762296820563137
1110	1	-0.1665547079237939
1110	2	-0.09294471933242221
1110	3	-0.011955888771055356
1110	4	0.04298349817823066
1110	5	0.12442911745260687
1110	6	-0.08480085030987539
1110	7	-0.057811323800720515
1110	8	-0.09650508954582193
1111	1	-0.0461297693952929
1111	2	-0.0474070108944602
1111	3	0.004087785302822056
1111	4	0.024672578792937827
1111	5	0.0034287987631671513
1111	6	-0.201004378286747
1111	7	0.004138645599141455
1111	8	-0.06167008234596949
1112	1	0.020317735215662935
1112	2	-0.03749577057391207
1112	3	0.003941024343049548
1112	4	0.03267711802676132
1112	5	-0.019595928304887877
1112	6	-0.029869973437719466
1112	7	0.029961728607190707
1112	8	-0.09437880577562652
1113	1	0.008099905058287504
1113	2	0.018461230092889025
1113	3	0.01110067410728277
1113	4	0.03982683378406193
1113	5	0.07464646403022357
1113	6	-0.018460931364572275
1113	7	0.04801939958771584
1113	8	0.013283905894390102
1114	1	0.04717153765650295
1114	2	0.02586597479759689
1114	3	0.03550441731440657
1114	4	0.07576742134399694
1114	5	0.03801510780892414
1114	6	0.1216262626553899
1114	7	0.0698001032929696
1114	8	0.04321975738203321
1115	1	0.06470758483941808
1115	2	-0.015531030476964247
1115	3	0.02374903456659183
1115	4	0.03510847436217546
1115	5	-0.0706397589472374
1115	6	0.18242920582237332
1115	7	0.08364573798294117
1115	8	0.04977015676201546
1116	1	0.2099805564098034
1116	2	0.04123820330299566
1116	3	0.04515663793335278
1116	4	0.08014178516084058
1116	5	-0.056654590465072374
1116	6	0.1984181601030386
1116	7	0.10557699264180798
1116	8	0.11997620664367759
1117	1	0.08064902896017401
1117	2	0.009568113304865733
1117	3	0.0388830577327397
1117	4	-0.0026085979201084797
1117	5	0.10693418913179897
1117	6	0.23325820070478187
1117	7	0.15907729614561106
1117	8	0.12317977465492191
1118	1	0.19736340447264666
1118	2	0.06154760784830415
1118	3	0.053193027739617094
1118	4	0.05971425285613918
1118	5	0.005850161610922555
1118	6	-0.11984731437510021
1118	7	0.05016484448790237
1118	8	0.11038901636256782
1119	1	0.0548911870973825
1119	2	0.0361219319035726
1119	3	0.059992532022668854
1119	4	0.047163805885958254
1119	5	0.22550366521555532
1119	6	0.25441237431790853
1119	7	0.18856734416102938
1119	8	0.194323820301463
2101	1	-0.3051298998997467
2101	2	-0.02451758026246864
2101	3	-0.043194627710590794
2101	4	-0.05648713374898051
2101	5	-0.08659836536229903
2101	6	0.19562074092527837
2101	7	-0.022599716942373504
2101	8	0.0617189984632347
2102	1	0.03945839508830318
2102	2	0.04260774120611188
2102	3	0.030063064612050994
2102	4	0.029128735680181705
2102	5	-0.022983875215409455
2102	6	0.012851962095432157
2102	7	0.013378712564573902
2102	8	0.05501567746157576
2103	1	0.0024498042081120275
2103	2	0.0077629663919438485
2103	3	-0.040169778447548765
2103	4	-0.06938468506171347
2103	5	0.042417183911055645
2103	6	6.698743024244891E-4
2103	7	-0.05110816875792068
2103	8	-0.010744880533728463
2104	1	-0.1285061400015195
2104	2	-0.007677030682465613
2104	3	-0.06235312793176462
2104	4	-0.06942801873056936
2104	5	0.04946803687106893
2104	6	-0.007582631195425904
2104	7	-0.10416228066305422
2104	8	-0.053848013223365854
2105	1	0.05322775336777141
2105	2	-0.013040066778216897
2105	3	-0.008403181079700062
2105	4	-0.029288171467520385
2105	5	-0.07673111988844283
2105	6	-0.09143243379136834
2105	7	-0.10515238314155795
2105	8	-0.04822440957303087
2106	1	-0.06969498163486065
2106	2	0.028491008288277442
2106	3	0.028614035809802374
2106	4	0.010228734992658417
2106	5	-0.05682022665739339
2106	6	0.06531169279019622
2106	7	0.006937432623821849
2106	8	-0.0132049909580374
2107	1	0.035733757879327754
2107	2	-0.022795119380994322
2107	3	-0.06198014780904515
2107	4	-0.06132328165654144
2107	5	-0.16566624578850053
2107	6	-0.11456623787179865
2107	7	-0.12034941880844485
2107	8	-0.07717507367508603
2108	1	-0.020543625510079266
2108	2	-0.0559978841679154
2108	3	-0.03204150815211193
2108	4	-0.0505177627423663
2108	5	0.012184416954681865
2108	6	-0.09394176551712263
2108	7	-0.0749771532536343
2108	8	-0.08945651622145334
2109	1	-0.03762974121084994
2109	2	0.014185924566355368
2109	3	0.007223022904987886
2109	4	-0.019642600952558098
2109	5	-0.08422003185940241
2109	6	-0.053002974685661286
2109	7	8.483535657006769E-4
2109	8	-0.013698530618441396
2110	1	0.09283582050427697
2110	2	-8.969467990667113E-4
2110	3	0.005734262314199157
2110	4	-0.032971846747649636
2110	5	0.005273480103056727
2110	6	-0.11468769032213544
2110	7	-0.003913302598235191
2110	8	-0.017620616741787387
2111	1	0.10249679150805946
2111	2	0.027198545021924758
2111	3	-0.03894204234486409
2111	4	-0.027302661694676544
2111	5	-0.042773163069902864
2111	6	0.02460476303490111
2111	7	-0.07042054461813763
2111	8	-0.054402891844056
2112	1	0.10418454724697312
2112	2	0.01073556208341131
2112	3	-0.005802849424938472
2112	4	-0.06609168876924798
2112	5	-0.05560646793292534
2112	6	-0.05514544518239006
2112	7	-0.009004345492805044
2112	8	-0.07142670407176155
2113	1	-0.27806211850915474
2113	2	0.012396417057992437
2113	3	0.02318154567726083
2113	4	-0.04825479563281476
2113	5	0.18356620989234074
2113	6	0.036205803208083864
2113	7	-0.07902749320302149
2113	8	0.0018518986868016896
2114	1	0.12094418199512091
2114	2	-0.0030109426484301594
2114	3	0.01791020971141677
2114	4	0.02627956664649389
2114	5	-0.11090064134893396
2114	6	0.08115141903522272
2114	7	0.011279483274144297
2114	8	0.021822370399029012
2115	1	0.05326434351971443
2115	2	0.026509403632708484
2115	3	0.03871926340108445
2115	4	0.015275932006339588
2115	5	-0.11709818104429814
2115	6	0.05848712935955547
2115	7	0.06526973876302122
2115	8	0.08039376235151252
2116	1	0.08979929799690467
2116	2	0.054996237738528464
2116	3	0.01697429246188875
2116	4	-0.0743621580534537
2116	5	0.06259861508172548
2116	6	-0.0029155305023564893
2116	7	-0.020292010450205566
2116	8	-0.011913448482545164
2117	1	0.13953951013483845
2117	2	0.024563269348952588
2117	3	0.02643338746093349
2117	4	0.03659527600999013
2117	5	-0.012679594087479984
2117	6	0.02400457963145186
2117	7	0.018664468336083928
2117	8	0.07180036319750371
2118	1	-0.08027262923004486
2118	2	0.0372499257635468
2118	3	0.04261976648709975
2118	4	0.0013259845133930526
2118	5	0.10017996659249917
2118	6	-0.029409971909316823
2118	7	0.044289217763946453
2118	8	0.07570224095948674
2119	1	0.15957953490592303
2119	2	0.03003633049294052
2119	3	0.02884017115222548
2119	4	9.673197945900824E-4
2119	5	0.12050634292322826
2119	6	-0.06733487929229653
2119	7	0.023323147497549712
2119	8	0.04758585621369349
>>END_MODULE
>>Per sequence quality scores	pass
#Quality	Count
2	16.0
3	0.0
4	53.0
5	0.0
6	1.0
7	17.0
8	29.0
9	8.0
10	115.0
11	328.0
12	1396.0
13	2658.0
14	2730.0
15	4535.0
16	6079.0
17	6378.0
18	6755.0
19	8377.0
20	9033.0
21	9757.0
22	10912.0
23	12425.0
24	13581.0
25	16309.0
26	19943.0
27	25704.0
28	34584.0
29	45255.0
30	70910.0
31	171073.0
32	173899.0
33	295098.0
34	496583.0
35	6493322.0
>>END_MODULE
>>Per base sequence content	fail
#Base	G	A	T	C
1	15.842643379925883	7.424494651624422	60.43546584969357	16.297396118756126
2	0.10326805537445537	17.973844722488362	27.21563647427212	54.70725074786507
3	20.872329601332844	22.08606757614493	51.698411726509455	5.343191096012774
4	9.4588029623194	22.12093945367275	55.44956505327886	12.970692530728986
5	25.32421078785017	10.93713895208824	49.866762689924585	13.871887570137002
6	15.805849001170646	8.153998769384586	12.625121385949114	63.41503084349566
7	18.735103181511295	15.798996084039882	11.47764470929637	53.988256025152445
8	16.650139946944	22.625837291158305	18.908541078462633	41.81548168343506
>>END_MODULE
>>Per sequence GC content	fail
#GC Content	Count
0	187.0
1	187.0
2	187.0
3	187.0
4	187.0
5	187.0
6	1282.5
7	2378.0
8	2378.0
9	2378.0
10	2378.0
11	2378.0
12	2378.0
13	2378.0
14	2378.0
15	2378.0
16	2378.0
17	2378.0
18	2378.0
19	49173.5
20	95969.0
21	95969.0
22	95969.0
23	95969.0
24	95969.0
25	95969.0
26	95969.0
27	95969.0
28	95969.0
29	95969.0
30	95969.0
31	897117.5
32	1698266.0
33	1698266.0
34	1698266.0
35	1698266.0
36	1698266.0
37	1698266.0
38	1698266.0
39	1698266.0
40	1698266.0
41	1698266.0
42	1698266.0
43	1698266.0
44	3568428.0
45	5438590.0
46	5438590.0
47	5438590.0
48	5438590.0
49	5438590.0
50	5438590.0
51	5438590.0
52	5438590.0
53	5438590.0
54	5438590.0
55	5438590.0
56	3063767.0
57	688944.0
58	688944.0
59	688944.0
60	688944.0
61	688944.0
62	688944.0
63	688944.0
64	688944.0
65	688944.0
66	688944.0
67	688944.0
68	688944.0
69	349551.5
70	10159.0
71	10159.0
72	10159.0
73	10159.0
74	10159.0
75	10159.0
76	10159.0
77	10159.0
78	10159.0
79	10159.0
80	10159.0
81	5776.0
82	1393.0
83	1393.0
84	1393.0
85	1393.0
86	1393.0
87	1393.0
88	1393.0
89	1393.0
90	1393.0
91	1393.0
92	1393.0
93	1393.0
94	1685.0
95	1977.0
96	1977.0
97	1977.0
98	1977.0
99	1977.0
100	1977.0
>>END_MODULE
>>Per base N content	pass
#Base	N-Count
1	0.02396110892818382
2	0.0033762235503434616
3	0.00711778472367185
4	0.0071681761199456325
5	0.01130027061439584
6	0.004673802004393373
7	0.00435885577768223
8	0.0026707440025104993
>>END_MODULE
>>Sequence Length Distribution	pass
#Length	Count
8	7937863.0
>>END_MODULE
>>Sequence Duplication Levels	fail
#Total Deduplicated Percentage	0.12513443479687164
#Duplication Level	Percentage of deduplicated	Percentage of total
1	43.51152723245747	0.05444790367382254
2	14.396456256921372	0.03602984833575485
3	7.641196013289036	0.02868530232885098
4	5.41628913721937	0.02711057119529526
5	3.6947548575455555	0.023117053040597954
6	2.6376724051142655	0.01980381873559672
7	1.9832880297996576	0.01737243386538669
8	1.630927212322561	0.016326812392705694
9	1.389308366052552	0.015646528543009623
>10	11.456760293969596	0.31033541395209263
>50	2.234974327997584	0.20465205811690124
>100	2.939695962951777	0.7928078375754279
>500	0.48323769254001814	0.4200500814891867
>1k	0.3221584616933454	0.7808272831113361
>5k	0.040269807711668174	0.3898530372721222
>10k+	0.22148394241417496	96.86293401637191
>>END_MODULE
>>Overrepresented sequences	fail
#Sequence	Count	Percentage	Possible Source
TCTTTCCC	3012592	37.95217932080712	Illumina Single End PCR Primer 1 (100% over 8bp)
GTAAGGAG	604160	7.611116493192186	No Hit
TTATGCGA	581643	7.327450725717992	No Hit
TCTCTCCG	532733	6.71128992778031	No Hit
CTAAGCCT	428588	5.3992869365470275	No Hit
GAGCCTTA	360274	4.538677475285225	No Hit
AAGGAGTA	352233	4.437378170925853	ABI Solid3 GAPDH Reverse Primer (100% over 8bp)
CCTAGAGT	288436	3.6336731939062186	No Hit
TAGATCGC	265638	3.3464674308437927	No Hit
CTCTCTAT	235702	2.969338221130801	ABI Solid3 Adapter B (100% over 8bp)
GCGTAAGA	193677	2.4399136140293676	No Hit
AAGGCTAT	163082	2.05448242178027	No Hit
TTCTAGCT	153175	1.929675531059178	No Hit
TATCCTCT	91731	1.1556132928975973	No Hit
CAGGAGTA	86187	1.085770817662134	No Hit
CTATTAAG	73539	0.9264332226444322	No Hit
TCGACTAG	67474	0.8500272680443087	No Hit
CCTAGCGT	53990	0.6801578712053861	No Hit
GCGTACGA	47911	0.6035755467183044	No Hit
CAGGCTAT	42361	0.5336574843884304	No Hit
ACTGCATA	38099	0.4799654516587147	No Hit
CTATTCAG	15622	0.19680359814725953	No Hit
GCGTCAGA	9694	0.12212354886951313	No Hit
CCTGCATA	9473	0.1193394242253866	No Hit
>>END_MODULE
>>Adapter Content	warn
>>END_MODULE
>>Kmer Content	pass
>>END_MODULE
