##FastQC	0.10.1
>>Basic Statistics	pass
#Measure	Value	
Filename	Undetermined_S0_L001_I2_001.fastq.gz	
File type	Conventional base calls	
Encoding	Sanger / Illumina 1.9	
Total Sequences	3913931	
Filtered Sequences	0	
Sequence length	8	
%GC	52	
>>END_MODULE
>>Per base sequence quality	pass
#Base	Mean	Median	Lower Quartile	Upper Quartile	10th Percentile	90th Percentile
1	30.010509894017037	32.0	27.0	34.0	23.0	34.0
2	32.823346655830164	34.0	34.0	34.0	32.0	34.0
3	33.189200320598395	34.0	34.0	34.0	33.0	34.0
4	32.77828122161581	34.0	34.0	34.0	32.0	34.0
5	33.30445605709452	34.0	34.0	34.0	34.0	34.0
6	36.68512934949543	38.0	37.0	38.0	36.0	38.0
7	37.142858931340385	38.0	38.0	38.0	37.0	38.0
8	36.33099408241995	38.0	38.0	38.0	34.0	38.0
>>END_MODULE
>>Per sequence quality scores	pass
#Quality	Count
7	1.0
8	0.0
9	0.0
10	0.0
11	438.0
12	2236.0
13	2004.0
14	2774.0
15	4719.0
16	6600.0
17	6888.0
18	7986.0
19	10146.0
20	12655.0
21	15135.0
22	15898.0
23	18992.0
24	21571.0
25	23941.0
26	27177.0
27	31322.0
28	36967.0
29	44433.0
30	61286.0
31	88484.0
32	158387.0
33	203827.0
34	729036.0
35	2381028.0
>>END_MODULE
>>Per base sequence content	fail
#Base	G	A	T	C
1	0.4983736299899002	1.1248026600366743	97.57512332230691	0.8017003876665174
2	0.1556747310248267	9.995784288426211	1.2342581497369651	88.614282830812
3	10.479466929658935	1.2295058930537848	60.14502047813834	28.14600669914894
4	27.96577149673819	11.254592888837335	59.962503171364034	0.8171324430604423
5	0.26801698854680883	28.127501481247368	59.811120839892176	11.793360690313651
6	0.162445419310003	10.97449366749022	0.24152194852743916	88.62153896467234
7	0.09568387784145348	28.28067952160616	0.2434637308280935	71.38017286972429
8	0.09325664996563555	0.4975561647755581	10.788823509873707	88.6203636753851
>>END_MODULE
>>Per base GC content	fail
#Base	%GC
1	1.3000740176564174
2	88.76995756183682
3	38.625473628807875
4	28.782903939798633
5	12.06137767886046
6	88.78398438398234
7	71.47585674756574
8	88.71362032535075
>>END_MODULE
>>Per sequence GC content	fail
#GC Content	Count
0	244.0
1	244.0
2	244.0
3	244.0
4	244.0
5	244.0
6	1040.5
7	1837.0
8	1837.0
9	1837.0
10	1837.0
11	1837.0
12	1837.0
13	1837.0
14	1837.0
15	1837.0
16	1837.0
17	1837.0
18	1837.0
19	20033.5
20	38230.0
21	38230.0
22	38230.0
23	38230.0
24	38230.0
25	38230.0
26	38230.0
27	38230.0
28	38230.0
29	38230.0
30	38230.0
31	201073.0
32	363916.0
33	363916.0
34	363916.0
35	363916.0
36	363916.0
37	363916.0
38	363916.0
39	363916.0
40	363916.0
41	363916.0
42	363916.0
43	363916.0
44	1374579.5
45	2385243.0
46	2385243.0
47	2385243.0
48	2385243.0
49	2385243.0
50	2385243.0
51	2385243.0
52	2385243.0
53	2385243.0
54	2385243.0
55	2385243.0
56	1735807.5
57	1086372.0
58	1086372.0
59	1086372.0
60	1086372.0
61	1086372.0
62	1086372.0
63	1086372.0
64	1086372.0
65	1086372.0
66	1086372.0
67	1086372.0
68	1086372.0
69	558677.0
70	30982.0
71	30982.0
72	30982.0
73	30982.0
74	30982.0
75	30982.0
76	30982.0
77	30982.0
78	30982.0
79	30982.0
80	30982.0
81	18145.5
82	5309.0
83	5309.0
84	5309.0
85	5309.0
86	5309.0
87	5309.0
88	5309.0
89	5309.0
90	5309.0
91	5309.0
92	5309.0
93	5309.0
94	3553.5
95	1798.0
96	1798.0
97	1798.0
98	1798.0
99	1798.0
100	1798.0
>>END_MODULE
>>Per base N content	pass
#Base	N-Count
1	0.0
2	2.5549760585968432E-5
3	2.5549760585968432E-5
4	0.0
5	0.0
6	2.5549760585968432E-5
7	2.5549760585968432E-5
8	2.5549760585968432E-5
>>END_MODULE
>>Sequence Length Distribution	pass
#Length	Count
8	3913931.0
>>END_MODULE
>>Sequence Duplication Levels	fail
#Total Duplicate Percentage	99.95269693892207
#Duplication Level	Relative count
1	100.0
2	34.0356564019449
3	17.3419773095624
4	9.40032414910859
5	7.779578606158833
6	5.132360886007564
7	4.267963263101026
8	3.7817396002160995
9	3.187466234467855
10++	46.78552133981631
>>END_MODULE
>>Overrepresented sequences	fail
#Sequence	Count	Percentage	Possible Source
TCTTTCCC	2305963	58.91680257010151	Illumina Single End PCR Primer 1 (100% over 8bp)
TCCGACAC	1037675	26.51234781604479	No Hit
TAGACACT	326813	8.3499939063821	No Hit
ATAACACT	28512	0.7284747738271319	No Hit
TAGACACC	13131	0.33549390625435144	No Hit
TCGACACT	12640	0.32294897380664095	No Hit
CCCGACAC	7797	0.19921148328879584	No Hit
TAGACCCT	6626	0.16929271364262682	No Hit
TAGCCACT	5895	0.15061583865428388	No Hit
TCGACCCT	5159	0.13181121486301112	No Hit
TCCGACCC	4557	0.11643025899025813	No Hit
AAGAACAC	4215	0.10769224086985693	No Hit
TCCGCCAC	3924	0.10025726053934012	No Hit
>>END_MODULE
>>Kmer Content	fail
#Sequence	Count	Obs/Exp Overall	Obs/Exp Max	Max Obs/Exp Position
AGACA	347415	629.3941	2476.4521	2
GACAC	1415350	619.3258	1849.8429	4
CGACA	1069175	467.8473	1841.8352	3
TAGAC	350405	200.47119	800.3286	1
GAGGG	1960	179.02443	655.81396	1
GGGGA	1635	149.33926	283.15088	4
TCCGA	1052320	145.4155	581.5127	1
GGGAA	3360	133.39546	335.87073	3
GGAGA	2895	114.93449	351.75113	1
CCGAC	1058150	111.83653	446.8219	2
AGGGA	2390	94.88547	366.04352	2
GGGGG	385	80.90425	92.462006	1
AGGGG	830	75.81136	275.84375	2
GGAAA	3220	55.565247	187.74841	4
GGGAG	590	53.890007	149.79594	3
GAGAA	2455	42.364185	83.17531	4
AAGAA	5565	41.740547	136.95999	1
GAGAG	940	37.31897	102.42866	1
AGAGA	1965	33.908604	73.8569	2
ACACT	379835	22.814102	90.56328	4
GAAAA	2925	21.9391	58.65428	4
AGAAA	2920	21.901598	40.05292	2
TCTTT	2314570	18.12676	72.394264	1
AAGGG	405	16.078917	57.9635	1
GAACA	8745	15.842873	60.65402	3
GGAAG	390	15.483402	57.169487	4
GCGAA	3635	15.150708	59.18571	1
GTGGG	525	15.143388	59.996662	4
TGGGG	520	14.999166	54.80464	3
GAGGA	360	14.292372	51.61134	1
AAGAG	825	14.236438	46.246853	2
TTTCC	2317560	13.882078	55.38036	3
CTTTC	2316980	13.878604	55.390064	2
AGAGG	305	12.108813	15.880411	2
TAGGG	945	11.847894	47.140823	1
GAGAC	2715	11.316142	36.761833	2
GAAGA	640	11.0440235	39.689457	1
TTCCC	2319750	10.627676	42.372345	4
AGGAA	600	10.353773	33.132072	2
AGAAC	4770	8.641567	34.059006	2
AACAC	44590	8.48083	23.409298	3
TAACA	33335	8.289488	29.731249	2
ATAAC	30590	7.606883	29.830719	1
TGGGA	555	6.958287	27.0809	3
CGGGG	310	6.8391023	25.150248	3
AGTGG	545	6.8329115	26.830149	3
AGGAG	165	6.55067	21.438557	2
TAAGA	2660	6.300603	24.918175	1
AGAAG	360	6.2122636	21.742922	4
GGAGG	65	5.9370346	20.09458	4
CGAAA	3130	5.670463	21.848494	3
GAAAC	3115	5.6432877	18.80492	4
AAAAA	1565	5.1021457	8.346003	4
TGGAA	895	4.877283	19.291153	3
AAGGA	270	4.6591973	10.353772	1
AAGAC	2270	4.112444	15.2540865	2
GCGGG	180	3.9710915	8.383415	4
AGACC	8810	3.8550606	15.323976	2
GGGCA	400	3.8356855	12.465978	3
AAAGA	505	3.7877765	12.150887	1
GAAGG	95	3.7715976	12.704329	1
GAAAG	215	3.7101018	11.044024	3
GACAA	1980	3.587066	11.1235285	4
ATGGG	265	3.3224251	13.2897005	2
TCGAC	23860	3.297109	12.798752	1
AAGTG	595	3.2424393	12.751779	2
AAAGG	170	2.933569	7.592767	4
AGCCA	6350	2.7786193	11.096974	2
AAAAG	355	2.6626942	9.450689	4
CGAGA	595	2.479965	8.252656	3
TAGAG	440	2.3977704	8.174217	1
GCTGG	755	2.286322	9.145288	1
GACCC	21545	2.2771046	6.9544435	3
TAGAA	950	2.2502155	8.574506	1
CTGGG	705	2.13491	8.53964	2
AGGGC	210	2.0137348	8.054939	2
CGAAC	4315	1.8881484	6.7999597	2
CGGGA	195	1.8698965	6.5206647	2
TGGAG	140	1.7552435	6.770225	3
ATGGA	310	1.6893383	6.7573533	2
CAGGG	175	1.678112	6.520664	1
GGCAA	390	1.6255231	5.751851	4
TAGGA	280	1.525854	5.9944263	1
CTGGA	1095	1.4412862	5.73882	2
CCGAA	3180	1.3914975	5.425965	2
>>END_MODULE
