##FastQC	0.10.1
>>Basic Statistics	pass
#Measure	Value	
Filename	Undetermined_S0_L001_I1_001.fastq.gz	
File type	Conventional base calls	
Encoding	Sanger / Illumina 1.9	
Total Sequences	197390	
Filtered Sequences	0	
Sequence length	12	
%GC	33	
>>END_MODULE
>>Per base sequence quality	pass
#Base	Mean	Median	Lower Quartile	Upper Quartile	10th Percentile	90th Percentile
1	25.389163584781397	29.0	16.0	32.0	16.0	33.0
2	24.4463701301991	29.0	16.0	32.0	16.0	33.0
3	25.515806271847612	29.0	16.0	32.0	16.0	33.0
4	24.696701960585642	29.0	16.0	32.0	16.0	34.0
5	26.033375550939763	29.0	16.0	33.0	16.0	34.0
6	26.866766300217844	32.0	16.0	37.0	16.0	37.0
7	27.047150311565936	31.0	16.0	35.0	16.0	37.0
8	28.71535032169816	33.0	18.0	34.0	16.0	37.0
9	26.674193221541113	31.0	16.0	37.0	16.0	37.0
10	26.779720350575005	31.0	16.0	37.0	16.0	37.0
11	26.713967272911496	31.0	16.0	37.0	16.0	37.0
12	27.10491412938852	33.0	16.0	37.0	16.0	37.0
>>END_MODULE
>>Per sequence quality scores	pass
#Quality	Count
15	175.0
16	5131.0
17	14106.0
18	18914.0
19	22522.0
20	16358.0
21	12843.0
22	6365.0
23	2619.0
24	1439.0
25	782.0
26	624.0
27	754.0
28	1419.0
29	4074.0
30	6033.0
31	8900.0
32	10996.0
33	17087.0
34	20944.0
35	24581.0
36	724.0
>>END_MODULE
>>Per base sequence content	fail
#Base	G	A	T	C
1	8.749309731643928	29.788689224720983	34.89642175016592	26.565579293469177
2	28.557677693905465	35.30219362683013	28.50245706469426	7.637671614570141
3	21.23663812756472	41.655605653781855	19.417397031257916	17.69035918739551
4	16.66548457368661	44.02148031815189	30.16211560869345	9.150919499468058
5	23.35629971123157	38.73803130857693	11.384062009220324	26.521606970971174
6	14.12077612847662	44.78038401134809	27.217690865798673	13.881148994376616
7	28.49536450681392	44.30467602208825	14.259587618420385	12.94037185267744
8	29.569380414408027	52.311160646435994	9.530371346066163	8.589087593089822
9	11.855210496985663	66.06211054258068	16.91473732205279	5.167941638380871
10	13.094381680936218	22.750392623739803	60.684431835452656	3.4707938598713204
11	11.004103551345052	20.954455646182684	16.30579056689802	51.73565023557425
12	11.814174983535134	23.174932874005773	60.84553422159177	4.165357920867319
>>END_MODULE
>>Per base GC content	fail
#Base	%GC
1	35.314889025113104
2	36.195349308475606
3	38.92699731496023
4	25.81640407315467
5	49.87790668220274
6	28.001925122853233
7	41.43573635949136
8	38.158468007497845
9	17.023152135366534
10	16.565175540807537
11	62.739753786919294
12	15.979532904402452
>>END_MODULE
>>Per sequence GC content	fail
#GC Content	Count
0	6083.0
1	6083.0
2	6083.0
3	6083.0
4	11207.0
5	16331.0
6	16331.0
7	16331.0
8	16331.0
9	16331.0
10	16331.0
11	16331.0
12	16331.0
13	19584.5
14	22838.0
15	22838.0
16	22838.0
17	22838.0
18	22838.0
19	22838.0
20	22838.0
21	22800.0
22	22762.0
23	22762.0
24	22762.0
25	22762.0
26	22762.0
27	22762.0
28	22762.0
29	22490.5
30	22219.0
31	22219.0
32	22219.0
33	22219.0
34	22219.0
35	22219.0
36	22219.0
37	22219.0
38	47082.5
39	71946.0
40	71946.0
41	71946.0
42	71946.0
43	71946.0
44	71946.0
45	71946.0
46	50028.5
47	28111.0
48	28111.0
49	28111.0
50	28111.0
51	28111.0
52	28111.0
53	28111.0
54	16503.0
55	4895.0
56	4895.0
57	4895.0
58	4895.0
59	4895.0
60	4895.0
61	4895.0
62	4895.0
63	2988.0
64	1081.0
65	1081.0
66	1081.0
67	1081.0
68	1081.0
69	1081.0
70	1081.0
71	799.0
72	517.0
73	517.0
74	517.0
75	517.0
76	517.0
77	517.0
78	517.0
79	452.5
80	388.0
81	388.0
82	388.0
83	388.0
84	388.0
85	388.0
86	388.0
87	388.0
88	277.5
89	167.0
90	167.0
91	167.0
92	167.0
93	167.0
94	167.0
95	167.0
96	109.5
97	52.0
98	52.0
99	52.0
100	52.0
>>END_MODULE
>>Per base N content	pass
#Base	N-Count
1	0.0015198338315010893
2	0.0
3	0.0
4	0.0
5	0.0
6	0.0
7	0.0
8	0.0
9	0.0
10	0.0
11	0.0
12	0.0
>>END_MODULE
>>Sequence Length Distribution	pass
#Length	Count
12	197390.0
>>END_MODULE
>>Sequence Duplication Levels	fail
#Total Duplicate Percentage	66.84415038325338
#Duplication Level	Relative count
1	100.0
2	10.69889680041561
3	3.233199889985637
4	1.4317146960853222
5	0.7532927910032698
6	0.43547352015402013
7	0.31934724811294807
8	0.21086086239036764
9	0.15890963542462488
10++	0.9106744491641965
>>END_MODULE
>>Overrepresented sequences	fail
#Sequence	Count	Percentage	Possible Source
CGTACTAGATCT	16076	8.14428289173717	No Hit
ATCTCAGGATCT	14224	7.206038806423831	No Hit
CAGAGAGGATCT	13606	6.892953037134607	No Hit
CTCTCTACATCT	8199	4.153705861492477	No Hit
TAAGGCGAATCT	7066	3.579715284462232	No Hit
AAGAGGCAATCT	6335	3.2093824408531333	No Hit
GGACTCCTATCT	5218	2.643497644257561	No Hit
TAGGCATGATCT	2313	1.1717918840873398	No Hit
GTAGAGGAATCT	2000	1.0132225543340594	No Hit
CGAGGCTGATCT	1882	0.95344242362835	No Hit
ATCTCGTATGCC	1294	0.6555549926541364	Illumina Paired End PCR Primer 2 (100% over 12bp)
TGACTCCTATCT	1285	0.6509954911596333	No Hit
TAATGCGAATCT	597	0.30244693246871673	No Hit
AAGAGTCAATCT	558	0.2826890926592026	No Hit
TTAGAGGAATCT	529	0.26799736562135873	No Hit
ATATCGTATGCC	467	0.2365874664370029	No Hit
ACTCGCTAATCT	406	0.20568417852981405	No Hit
TCCTGAGCATCT	379	0.19200567404630428	No Hit
CTCTCTAAATCT	366	0.1854197274431329	No Hit
AGTACTAGATCT	355	0.17984700339429555	No Hit
AAGAGAGGATCT	328	0.16616849891078575	No Hit
TAAAAAAAAAAA	286	0.1448908252697705	No Hit
CCGAGAGGATCT	256	0.1296924869547596	No Hit
AAAAAAAAAAAA	251	0.12715943056892445	No Hit
ATCTCAGAATCT	244	0.12361315162875526	No Hit
TTCTCAGGATCT	238	0.12057348396575307	No Hit
GGACTCATATCT	232	0.1175338163027509	No Hit
ATCTCTACATCT	222	0.11246770353108061	No Hit
ATATCAGGATCT	222	0.11246770353108061	No Hit
GTAGATGAATCT	208	0.10537514565074219	No Hit
AGGCAGAAATCT	207	0.10486853437357516	No Hit
>>END_MODULE
>>Kmer Content	fail
#Sequence	Count	Obs/Exp Overall	Obs/Exp Max	Max Obs/Exp Position
GATCT	53095	40.359596	317.40375	8
GGATC	30510	35.029007	276.007	7
CGTAC	16475	22.169228	176.8694	1
CTCAG	15425	20.75632	165.29701	3
CTCTC	9110	20.144041	153.81114	1
AGAGG	26195	18.302103	81.96995	4
CCCCC	2620	18.154884	32.983685	2
TCAGG	15745	18.07708	141.31007	4
ATCTC	18075	16.103159	119.77364	1
CTCCT	7045	15.57791	120.90847	4
GAGGC	8640	14.982761	89.61911	3
AGGAT	31715	14.670836	111.77869	6
TCTCA	15460	13.773434	108.72638	2
GGCGA	7670	13.300668	104.87932	4
GAGGA	18945	13.236625	82.02585	5
AGGCG	7615	13.205292	103.56139	3
GTACT	17255	13.116203	103.7134	2
CAGGA	15905	13.024342	101.08297	5
TCTCT	9865	12.322344	92.53312	2
CAGAG	14820	12.135855	92.50108	1
GAGAG	16570	11.577243	83.730644	3
ACTCC	6990	11.024068	86.93085	3
AGATC	18000	9.758929	74.905205	7
GACTC	7160	9.634701	75.89345	2
CTAGA	17670	9.580016	74.38473	5
ACTAG	17660	9.5745945	74.31967	4
CTCTA	9345	8.325533	64.965	3
CATCT	9340	8.321078	64.92936	8
TCTAC	8970	7.991442	62.434814	4
AATCT	22185	7.963367	61.826023	8
AGGCA	9620	7.8776603	42.9095	4
GCGAA	8365	6.84996	53.26018	5
GAATC	12590	6.825829	53.348816	7
GGACT	5870	6.7394385	51.665203	1
CTATC	7300	6.503627	49.57011	7
TACTA	18100	6.497045	49.664703	3
AGAGA	19395	6.3990636	39.460068	2
AAGGC	7790	6.379103	48.54342	2
TCCTA	6960	6.200718	48.46538	5
CCTAT	6945	6.1873536	48.42974	6
TAGAT	18975	5.8113823	42.411606	6
ACATC	9120	5.795142	44.531094	7
CTACA	9100	5.7824335	44.429424	5
GGCAA	6880	5.6339183	42.94225	5
GGCTG	2115	5.1422353	39.679092	4
CAATC	7460	4.740325	36.905907	7
CGAAT	8435	4.573143	35.327324	6
AAAAA	58845	4.329366	7.1070914	4
TAAGG	8940	4.1354966	28.828207	1
AAGAG	12470	4.1142735	20.403101	1
TATCT	7975	4.013575	29.25003	8
TGATC	5110	3.8843117	29.85827	7
CGAGG	2235	3.8757486	27.537758	1
CCCCA	1355	3.7829971	20.21321	4
GCAAT	6875	3.727369	28.691254	6
CCCAC	1235	3.4479716	18.873108	5
TACAT	9490	3.4064612	25.528717	6
GGCAT	2700	3.0999122	22.54899	3
ATGCC	2265	3.0478487	24.05984	8
GCATG	2625	3.0138035	22.319366	4
TAGGC	2625	3.0138035	22.365292	1
TCTCG	1525	2.8771234	20.828487	2
CTCGT	1475	2.7827916	21.054884	3
GCTGA	2335	2.68085	20.482382	5
AGGCT	2265	2.600482	19.380194	3
ACCCC	915	2.55457	15.634527	3
CACCC	885	2.4708135	15.746202	2
CGTAT	2940	2.2348094	11.858172	5
AGGAA	6465	2.1330214	9.066578	5
TAGAG	4490	2.077	11.490574	2
CCACC	680	1.8984783	10.944169	1
CTGAT	2460	1.8699425	13.682507	6
GGAAT	4020	1.8595856	11.786628	6
CATGA	3385	1.8352209	11.62397	5
TATGC	2405	1.8281349	13.925752	7
GTATG	2625	1.7024838	11.959543	6
AGGGG	1140	1.6867218	7.516269	8
TCGTA	2200	1.6723064	11.706144	4
GTAGA	3405	1.5750968	8.715074	1
CTCGC	395	1.3192216	9.885813	2
CCCTC	325	1.2721653	6.1063933	7
CCACA	1105	1.2429781	5.2193832	6
ATGAT	3935	1.2051536	6.774586	6
TGACT	1530	1.1630131	8.878427	1
TGAGA	2380	1.1009487	6.1616125	1
CACAC	910	1.0236291	5.084399	7
TTCAG	1230	0.9349713	6.6284146	1
TCGCT	445	0.8395541	5.4335184	3
ATGCG	730	0.8381244	5.6946535	3
CCGAG	385	0.7824892	5.203045	1
TGCGA	675	0.77497804	5.648729	4
TCCTG	380	0.71692264	5.2071223	1
>>END_MODULE
